# we want to specify the populations for our data, so first we
# will create population vectors which identify which samples are
# in each population.

Albury <- c("Alb01:C3J4CACXX:1:250269922",
            "Alb02:C3J4CACXX:1:250269923",
            "Alb06:C3J4CACXX:1:250269924",
            "Alb07:C3J4CACXX:1:250269925",
            "Alb08:C3J4CACXX:1:250269926",
            "Alb10:C3J4CACXX:1:250269927",
            "Alb13:C3J4CACXX:1:250269928",
            "Alb14:C3J4CACXX:1:250269929",
            "Alb16:C3J4CACXX:1:250269930",
            "Alb17:C3J4CACXX:1:250269931",
            "Alb18:C3J4CACXX:1:250269932",
            "Alb20:C3J4CACXX:1:250269934",
            "Alb23:C3J4CACXX:1:250269935",
            "Alb25:C3J4CACXX:1:250269936",
            "Alb26:C3J4CACXX:1:250269937",
            "Alb27:C3J4CACXX:1:250269938",
            "Alb28:C3J4CACXX:1:250269939",
            "Alb29:C3J4CACXX:1:250269940",
            "Alb30:C3J4CACXX:1:250269941",
            "Alb31:C3J4CACXX:1:250269942",
            "Alb34:C3J4CACXX:1:250269943",
            "Alb35:C4AP5ACXX:1:250293947",
            "Alb36:C4AP5ACXX:1:250293948",
            "Alb40:C4AP5ACXX:1:250293949",
            "Alb41:C4AP5ACXX:1:250293950")

Austral <- c("Austral01:C4AP5ACXX:3:250293748",
            "Austral02:C4AP5ACXX:3:250293749",
            "Austral03:C4AP5ACXX:3:250293750",
            "Austral04:C4AP5ACXX:3:250293751",
            "Austral05:C4AP5ACXX:3:250293752",
            "Austral06:C4AP5ACXX:3:250293753",
            "Austral07:C4AP5ACXX:3:250293754",
            "Austral08:C4AP5ACXX:3:250293755",
            "Austral09:C4AP5ACXX:3:250293756",
            "Austral10:C4AP5ACXX:3:250293757",
            "Austral11:C4AP5ACXX:3:250293758",
            "Austral12:C4AP5ACXX:3:250293759",
            "Austral13:C4AP5ACXX:3:250293760",
            "Austral14:C4AP5ACXX:3:250293761",
            "Austral15:C4AP5ACXX:3:250293762",
            "Austral16:C4AP5ACXX:3:250293763",
            "Austral17:C4AP5ACXX:3:250293764",
            "Austral18:C4AP5ACXX:3:250293765",
            "Austral19:C4AP5ACXX:3:250293766",
            "Austral20:C4AP5ACXX:3:250293767",
            "Austral21:C4AP5ACXX:3:250293768",
            "Austral22:C4AP5ACXX:3:250293769",
            "Austral23:C4AP5ACXX:3:250293770",
            "Austral24:C4AP5ACXX:3:250293771",
            "Austral25:C4AP5ACXX:3:250293772")

Bendigo <- c("Bend01:C4AP5ACXX:3:250293697",
             "Bend02:C4AP5ACXX:3:250293698",
             "Bend03:C4AP5ACXX:3:250293699",
             "Bend04:C4AP5ACXX:3:250293700",
             "Bend05:C4AP5ACXX:3:250293701",
             "Bend06:C4AP5ACXX:3:250293702",
             "Bend07:C4AP5ACXX:3:250293703",
             "Bend08:C4AP5ACXX:3:250293704",
             "Bend09:C4AP5ACXX:3:250293705",
             "Bend10:C4AP5ACXX:3:250293706",
             "Bend11:C4AP5ACXX:3:250293707",
             "Bend12:C4AP5ACXX:3:250293708",
             "Bend13:C4AP5ACXX:3:250293709",
             "Bend14:C4AP5ACXX:3:250293710",
             "Bend15:C4AP5ACXX:3:250293711",
             "Bend16:C4AP5ACXX:3:250293712",
             "Bend17:C4AP5ACXX:3:250293713",
             "Bend18:C4AP5ACXX:3:250293714",
             "Bend19:C4AP5ACXX:3:250293715",
             "Bend20:C4AP5ACXX:3:250293716",
             "Bend21:C4AP5ACXX:3:250293718",
             "Bend22:C4AP5ACXX:3:250293719",
             "Bend23:C4AP5ACXX:3:250293720",
             "Bend24:C4AP5ACXX:3:250293721",
             "Bend25:C4AP5ACXX:3:250293722")

Condingup <- c("SV006:C4AP5ACXX:6:250293518",
               "SV007:C4AP5ACXX:6:250293519",
               "SV010:C4AP5ACXX:6:250293520",
               "SV021:C4AP5ACXX:6:250293521",
               "SV032:C3J4CACXX:1:250269852",
               "SV040:C4AP5ACXX:6:250293522",
               "SV042:C4AP5ACXX:6:250293523",
               "SV043:C4AP5ACXX:6:250293524",
               "SV045:C4AP5ACXX:6:250293525",
               "SV270:C4AP5ACXX:6:250293528",
               "SV301:C4AP5ACXX:6:250293531",
               "SV302:C4AP5ACXX:6:250293460",
               "SV303:C3J4CACXX:1:250269853",
               "SV588:C4AP5ACXX:5:250293658",
               "SV589:C4AP5ACXX:5:250293659",
               "SV590:C4AP5ACXX:5:250293660",
               "SV591:C3J4CACXX:1:250269855",
               "SV591:C4AP5ACXX:6:250293532",
               "SV613:C4AP5ACXX:6:250293510",
               "SV614:C4AP5ACXX:6:250293511",
               "SV615:C4AP5ACXX:6:250293512",
               "SV616:C4AP5ACXX:6:250293513",
               "SV617:C4AP5ACXX:6:250293514",
               "SV619:C4AP5ACXX:6:250293515",
               "SV620:C4AP5ACXX:6:250293516",
               "SV621:C4AP5ACXX:6:250293517")


Coorabie <- c("SV0198:C4AP5ACXX:5:250293637",
              "SV193:C4AP5ACXX:5:250293634",
              "SV194:C4AP5ACXX:5:250293635",
              "SV195:C3J4CACXX:1:250269848",
              "SV196:C4AP5ACXX:5:250293636",
              "SV197:C4AP5ACXX:5:250293638",
              "SV199:C4AP5ACXX:5:250293639",
              "SV200:C4AP5ACXX:5:250293640",
              "SV201:C4AP5ACXX:5:250293641",
              "SV202:C4AP5ACXX:5:250293642",
              "SV203:C4AP5ACXX:5:250293643",
              "SV204:C4AP5ACXX:5:250293644",
              "SV207:C4AP5ACXX:5:250293645",
              "SV208:C4AP5ACXX:5:250293646",
              "SV209:C4AP5ACXX:5:250293647",
              "SV214:C4AP5ACXX:5:250293648",
              "SV215:C4AP5ACXX:5:250293649",
              "SV223:C4AP5ACXX:5:250293650",
              "SV224:C4AP5ACXX:5:250293651",
              "SV225:C4AP5ACXX:5:250293652",
              "SV227:C4AP5ACXX:5:250293653",
              "SV233:C4AP5ACXX:5:250293654",
              "SV234:C4AP5ACXX:5:250293655",
              "SV235:C4AP5ACXX:5:250293656",
              "SV237:C4AP5ACXX:5:250293657")

Cygnet <- c("Cyg01:C4AP5ACXX:2:250293895",
            "Cyg02:C4AP5ACXX:2:250293896",
            "Cyg03:C4AP5ACXX:2:250293897",
            "Cyg04:C4AP5ACXX:2:250293898",
            "Cyg05:C4AP5ACXX:2:250293899",
            "Cyg06:C4AP5ACXX:2:250293900",
            "Cyg07:C4AP5ACXX:2:250293901",
            "Cyg08:C4AP5ACXX:2:250293902",
            "Cyg09:C4AP5ACXX:2:250293903",
            "Cyg10:C4AP5ACXX:2:250293904",
            "Cyg11:C4AP5ACXX:2:250293905",
            "Cyg12:C4AP5ACXX:2:250293906",
            "Cyg13:C4AP5ACXX:2:250293907",
            "Cyg14:C4AP5ACXX:2:250293908",
            "Cyg15:C4AP5ACXX:2:250293909",
            "Cyg16:C4AP5ACXX:2:250293910",
            "Cyg17:C4AP5ACXX:2:250293911",
            "Cyg18:C4AP5ACXX:2:250293912",
            "Cyg19:C4AP5ACXX:2:250293913",
            "Cyg20:C4AP5ACXX:2:250293914",
            "Cyg21:C4AP5ACXX:2:250293915",
            "Cyg22:C4AP5ACXX:3:250293693",
            "Cyg23:C4AP5ACXX:3:250293694",
            "Cyg24:C4AP5ACXX:3:250293695",
            "Cyg25:C4AP5ACXX:3:250293696")

Dubbo <- c("Dubbo15:C3J4CACXX:1:250269882",
           "Dubbo03:C3J4CACXX:1:250269877",
           "Dubbo07:C3J4CACXX:1:250269878",
           "Dubbo10:C3J4CACXX:1:250269879",
           "Dubbo12:C3J4CACXX:1:250269880",
           "Dubbo14:C3J4CACXX:1:250269881",
           "Dubbo16:C3J4CACXX:1:250269883",
           "Dubbo17:C3J4CACXX:1:250269884",
           "Dubbo18:C3J4CACXX:1:250269885",
           "Dubbo19:C3J4CACXX:1:250269886",
           "Dubbo21:C3J4CACXX:1:250269887",
           "Dubbo22:C3J4CACXX:1:250269888",
           "Dubbo23:C3J4CACXX:1:250269889",
           "Dubbo24:C3J4CACXX:1:250269890",
           "Dubbo25:C3J4CACXX:1:250269891",
           "Dubbo26:C3J4CACXX:1:250269892",
           "Dubbo27:C3J4CACXX:1:250269893",
           "Dubbo28:C3J4CACXX:1:250269894",
           "Dubbo29:C3J4CACXX:1:250269895",
           "Dubbo30:C3J4CACXX:1:250269896")

